PARCELA	SI4	GTOTAL	G21	VTOTAL	V21	NTOTAL	N21	Dg	Hdom	Ddom	Hart	Hg	SDI	Dg21
1299	17	16.83	15.19	95.35	92.18	596.93	437.78	18.95	11.71	33.9	37.56	10.05	367.57	21.02
1302	23	39.81	38.83	264.24	260.15	521.57	516.48	31.17	20.02	42.7	23.5	12.79	767.29	30.94
1303	20	22.32	20.98	136.77	132.45	369.62	355.46	27.73	15.77	34.7	35.44	12.08	443.12	27.41
1307	20	24.34	24.34	160.96	160.96	302.45	302.45	32.01	13.19	38.1	46.84	12.95	466.13	32.01
1311	23	29.31	29.31	174.03	174.03	757.14	757.14	22.2	12.44	32.9	31.39	10.85	615.03	22.2
1320	20	23.39	19.31	141.03	121.46	436.96	394.48	26.11	13.98	40.9	36.77	11.74	471.48	24.97
1321	17	35.56	29.32	202.34	177.19	651.76	617.24	26.36	15.16	34.1	27.76	11.79	715.08	24.59
1322	23	19.63	16.74	115.61	108.84	307.89	230.07	28.49	13.27	36.1	46.15	12.24	387	30.44
1328	20	27.38	27.38	134.27	134.27	1715.31	1715.31	14.26	7.92	23.3	32.76	8.76	642.18	14.26
1331	14	22.06	20.65	118.55	114.06	675.69	661.53	20.39	12.27	27.1	33.69	10.42	472.97	19.94
1338	14	28.84	28.84	169.87	169.87	700.5	700.5	22.9	13.69	32.6	29.66	11.02	600.79	22.9
1339	14	22.54	21.48	129.29	125.49	535.79	530.7	23.14	14.58	30.3	31.84	11.07	467.99	22.7
1395	14	29.14	29.14	151.46	151.46	1411.29	1411.29	16.21	8.14	25.8	35.14	9.32	661.21	16.21
1405	14	19.25	19.25	126.97	126.97	236.74	236.74	32.18	12.39	35.9	56.37	12.98	368.26	32.18
1406	14	23.88	23.88	140.85	140.85	562.53	562.53	23.25	9.72	32.4	46.61	11.1	495.44	23.25
1407	20	21.13	20.16	140.33	138.02	472.13	344.81	23.87	16.54	37.3	29.89	11.24	435.42	27.28
1416	17	15.36	15.36	91.28	91.28	329.07	329.07	24.38	8.98	29.9	65.97	11.35	314.92	24.38
1417	20	16.07	15.4	88.8	86.91	708.98	677.15	16.99	12.19	30.6	33.11	9.54	360.64	17.02
1427	14	18.97	18.97	102.27	102.27	764.04	764.04	17.78	8.85	27.2	43.93	9.75	420.83	17.78
1428	17	19.81	18.68	112.61	109.6	472.13	467.04	23.11	10.44	30.9	47.37	11.07	411.45	22.57
1440	14	22.56	19.44	137.4	128.01	386.82	386.82	27.25	12.95	37.6	42.19	11.98	449.79	25.3
1443	14	17.11	17.11	87.03	87.03	827.58	827.58	16.77	7.03	21.8	54.92	9.48	411.48	16.22
1444	14	26.96	26.96	173.29	173.29	399.52	399.52	29.31	14.72	36.8	36.52	12.41	527.74	29.31
1447	14	27.47	26.05	162.61	158.26	696.99	569.67	22.1	12.41	33.9	32.79	10.83	561.72	24.13
1462	23	21.5	21.5	136.41	136.41	346.86	346.86	28.09	10.01	35.2	48.04	12.16	425.33	28.09
1465	14	38.84	37.31	218.62	209.63	1338.8	1319.55	19.23	14	33.6	20.98	10.13	845.83	18.97
1466	14	27.14	24.17	136.63	136.63	700.5	700.5	20.96	10.3	28.5	39.42	10.56	514.57	20.96
1482	14	44.12	44.12	293.59	293.59	545.39	545.39	32.09	17.1	41.9	26.91	12.97	844.23	32.09
1485	17	15.46	14.35	102.57	99.77	142.71	137.62	37.14	16.79	38.9	53.57	13.91	285.29	36.44
1489	17	18.46	18.46	116.79	116.79	422.04	422.04	23.6	8.64	33.9	60.54	11.18	381.55	23.6
1494	20	29.21	29.21	182.88	182.88	474.3	474.3	28	15.28	33.7	32.39	12.14	578.34	28
1495	23	21.61	21.61	109.72	109.72	1195.5	1195.5	15.17	9	25.6	34.53	9.03	498.75	15.17
1509	14	22.11	22.11	106.05	106.05	1743.63	1743.63	12.71	7.88	23.9	32.66	8.29	533.72	12.71
1512	20	22.98	22.16	148.24	146.68	427.72	300.4	26.15	14.49	38.8	35.86	11.75	462.74	30.65
1513	23	29.66	29.05	187.46	185.88	468.27	454.11	28.4	13.06	37.9	38.02	12.22	585.34	28.54
1515	14	16.55	16.55	96.88	96.88	421.05	421.05	22.37	12.96	30.4	40.41	10.89	346.62	22.37
1532	17	30.4	29.67	159.91	157.44	1368.34	1368.34	16.82	9.15	28.9	31.75	9.49	683.9	16.62
1863	20	52.16	52.16	340.64	340.64	775.69	775.69	29.26	23.74	42.6	16.25	12.4	1021.58	29.26
1864	23	33.32	33.32	204.03	204.03	673.88	673.88	25.09	11.91	35.4	34.76	11.51	678.13	25.09
1866	14	21.13	21.13	285.62	285.62	909.03	909.03	17.2	7.29	26.7	48.89	9.59	472.45	17.2
1881	23	41.91	41.91	375.55	375.55	450.25	450.25	34.43	21.82	42.1	23.21	13.41	788.31	34.43
1883	23	60.16	60.16	147.2	147.2	1057.66	1057.66	26.91	16.01	38.9	20.64	11.91	1203.1	26.91
1884	14	21.82	21.82	111.58	93.4	241.83	241.83	33.89	17.86	38.3	38.69	13.31	411.85	33.89
1885	14	24.78	17.85	173.35	147.38	1103.64	870.18	16.91	9.3	27.5	34.78	9.52	556.78	16.16
1893	23	32.84	27.89	206.17	197.16	1704.9	1245.12	15.66	14.83	29	17.55	9.17	751.95	16.89
1894	23	29.2	28.38	338.4	338.4	257.74	252.65	37.98	21.35	44.7	31.35	14.07	535.81	37.82
1895	23	50.25	50.25	154.45	144.76	582.31	585.31	33.15	19.1	42.3	23.25	13.17	954.13	33.06
1896	23	24.26	22.06	93.97	93.97	319.65	309.47	31.09	17.31	39.5	34.72	12.77	468.13	30.13
1897	17	18.03	18.03	131.93	131.93	944.37	944.37	15.59	6.28	26.6	55.68	9.15	413.26	15.59
9404	14	27.7	24.7	150.37	150.37	668.2	668.2	21.69	16.65	36.7	24.97	10.73	521.15	21.69
9405	14	34.86	34.86	215.22	215.22	640.59	640.59	26.32	15.99	33.8	26.55	11.78	700.95	26.32
9410	14	17.75	17.75	104.69	104.69	714.54	714.54	17.78	13.97	34.9	28.78	9.75	393.56	17.78
9411	20	29.2	29.2	196.89	196.89	347.97	347.97	32.69	18.95	42	30.39	13.08	556.38	32.69
9421	20	26.33	26.33	170.72	170.72	358.62	358.62	30.57	14.83	37.3	38.26	12.67	509.93	30.57
9425	23	18.47	18.47	127.05	127.05	226.73	226.73	32.2	15.16	41.3	47.07	12.99	353.07	32.21
9426	14	26.88	24.07	184.51	169.21	361.36	351.18	30.77	19.89	46.8	28.42	12.71	519.72	29.54
9427	20	18.62	18.62	107.23	107.23	824.19	824.19	16.96	12.79	34.1	29.27	9.53	417.95	19.96
9446	14	36.68	36.68	229.61	229.61	810.39	810.39	24.65	10.86	31.7	34.76	11.42	790.64	24.01
9460	20	21.91	21.91	142.78	142.78	304.38	304.38	30.27	13.22	36.9	46.59	12.61	425.4	30.27
9461	23	38.64	38.64	202.01	202.01	1743.75	1743.75	16.8	11.49	26.8	22.39	9.49	869.72	16.8
9465	17	19.86	17.32	118.32	109.01	643.39	325.09	19.83	13.29	35.5	31.88	10.28	428.94	26.05
9473	14	21.3	20.45	116.39	113.42	716.12	652.46	19.46	9.13	28.1	43.98	10.18	461.95	19.98
9477	17	22.55	18.35	147.75	126.09	218.13	207.95	36.28	13.22	40.6	55.04	13.76	418.54	33.52
9479	20	15.28	15.28	98.1	98.1	381.61	381.61	22.58	14.99	37.4	36.69	10.94	319.33	22.58
9489	17	19.14	17.89	115.67	111.31	403.38	357.39	24.58	12.19	34.7	43.89	11.4	391.6	22.25
9490	23	18.14	14.88	109.39	97.92	566.04	184.08	20.2	12.99	35.7	34.77	10.37	389.78	32.08
9491	14	32.64	32.64	193.85	193.85	1136.7	1136.7	19.12	12.8	37.2	24.9	10.1	710.98	19.12
9499	14	21.21	21.21	121.72	121.72	580.2	580.2	21.58	10.79	30.7	41.35	10.71	448.51	21.57
9509	14	28.4	28.4	165.18	165.18	919.33	919.33	19.83	14.75	33.8	24.03	10.28	612.9	19.83
9574	14	17.84	17.84	105.5	105.5	403.38	403.38	23.7	11.43	31	46.81	11.2	367.39	23.73
9581	23	30.28	21.95	174.15	139.23	874.92	400.98	21	17.12	38.4	21.22	10.57	644.85	26.4
9859	17	21.64	18.83	132.59	115.72	362.6	334.28	27.6	13.4	32.4	42.11	12.06	431.15	26.78
9861	23	42.25	40.47	232.68	220.48	1584.84	1556.52	18.4	16.07	27.2	16.79	9.91	926.88	18.19
9893	23	49.65	49.65	293.41	293.41	1625.91	1625.91	19.7	16.77	43.4	15.89	10.24	1071.56	19.72
9905	17	23.37	23.37	128.07	128.07	898.5	898.5	18.2	10.07	28.2	35.59	9.86	515.52	18.2
